;кони М;0;2.100;0;S1;0.088;32;0.107;34;0.066;35;0.100;46;0.081;41;0.029;31;0.071;42;0.063;43;0.150;45;0.078;37;0.062;40;0.084;90;0.160;33;0.117;34;0.122;36;0.073;47;0.022;40;0.127;48;0.142;44;0.186;39;0.048;38;0.150;90;0.018;F1
;2;0;2.100;0;S1;0.088;32;0.107;34;0.066;35;0.100;46;0.081;41;0.029;31;0.071;42;0.063;43;0.150;45;0.078;37;0.062;40;0.084;90;0.160;33;0.117;34;0.122;36;0.073;47;0.022;40;0.127;48;0.142;44;0.186;39;0.048;38;0.150;90;0.018;F1
;5;0;2.100;0;S1;0.088;32;0.107;34;0.066;35;0.100;46;0.081;41;0.029;31;0.071;42;0.063;43;0.150;45;0.078;37;0.062;40;0.084;90;0.160;33;0.117;34;0.122;36;0.073;47;0.022;40;0.127;48;0.142;44;0.186;39;0.048;38;0.150;90;0.018;F1
;9;0;2.100;0;S1;0.088;32;0.107;34;0.066;35;0.100;46;0.081;41;0.029;31;0.071;42;0.063;43;0.150;45;0.078;37;0.062;40;0.084;90;0.160;33;0.117;34;0.122;36;0.073;47;0.022;40;0.127;48;0.142;44;0.186;39;0.048;38;0.150;90;0.018;F1
;11;0;2.100;0;S1;0.088;32;0.107;34;0.066;35;0.100;46;0.081;41;0.029;31;0.071;42;0.063;43;0.150;45;0.078;37;0.062;40;0.084;90;0.160;33;0.117;34;0.122;36;0.073;47;0.022;40;0.127;48;0.142;44;0.186;39;0.048;38;0.150;90;0.018;F1
;19;0;2.100;0;S1;0.088;32;0.107;34;0.066;35;0.100;46;0.081;41;0.029;31;0.071;42;0.063;43;0.150;45;0.078;37;0.062;40;0.084;90;0.160;33;0.117;34;0.122;36;0.073;47;0.022;40;0.127;48;0.142;44;0.186;39;0.048;38;0.150;90;0.018;F1
;20;0;2.100;0;S1;0.088;32;0.107;34;0.066;35;0.100;46;0.081;41;0.029;31;0.071;42;0.063;43;0.150;45;0.078;37;0.062;40;0.084;90;0.160;33;0.117;34;0.122;36;0.073;47;0.022;40;0.127;48;0.142;44;0.186;39;0.048;38;0.150;90;0.018;F1
;21;0;2.100;0;S1;0.088;32;0.107;34;0.066;35;0.100;46;0.081;41;0.029;31;0.071;42;0.063;43;0.150;45;0.078;37;0.062;40;0.084;90;0.160;33;0.117;34;0.122;36;0.073;47;0.022;40;0.127;48;0.142;44;0.186;39;0.048;38;0.150;90;0.018;F1
;22;0;2.100;0;S1;0.088;32;0.107;34;0.066;35;0.100;46;0.081;41;0.029;31;0.071;42;0.063;43;0.150;45;0.078;37;0.062;40;0.084;90;0.160;33;0.117;34;0.122;36;0.073;47;0.022;40;0.127;48;0.142;44;0.186;39;0.048;38;0.150;90;0.018;F1
;кони М (2);0;2.100;0;S1;0.143;33;0.117;34;0.122;36;0.073;47;0.022;40;0.127;48;0.142;44;0.186;39;0.048;38;0.150;90;0.107;32;0.107;34;0.066;35;0.100;46;0.081;41;0.029;31;0.071;42;0.063;43;0.150;45;0.078;37;0.062;40;0.084;90;0.018;F1
;1;0;2.100;0;S1;0.143;33;0.117;34;0.122;36;0.073;47;0.022;40;0.127;48;0.142;44;0.186;39;0.048;38;0.150;90;0.107;32;0.107;34;0.066;35;0.100;46;0.081;41;0.029;31;0.071;42;0.063;43;0.150;45;0.078;37;0.062;40;0.084;90;0.018;F1
;3;0;2.100;0;S1;0.143;33;0.117;34;0.122;36;0.073;47;0.022;40;0.127;48;0.142;44;0.186;39;0.048;38;0.150;90;0.107;32;0.107;34;0.066;35;0.100;46;0.081;41;0.029;31;0.071;42;0.063;43;0.150;45;0.078;37;0.062;40;0.084;90;0.018;F1
;4;0;2.100;0;S1;0.143;33;0.117;34;0.122;36;0.073;47;0.022;40;0.127;48;0.142;44;0.186;39;0.048;38;0.150;90;0.107;32;0.107;34;0.066;35;0.100;46;0.081;41;0.029;31;0.071;42;0.063;43;0.150;45;0.078;37;0.062;40;0.084;90;0.018;F1
;6;0;2.100;0;S1;0.143;33;0.117;34;0.122;36;0.073;47;0.022;40;0.127;48;0.142;44;0.186;39;0.048;38;0.150;90;0.107;32;0.107;34;0.066;35;0.100;46;0.081;41;0.029;31;0.071;42;0.063;43;0.150;45;0.078;37;0.062;40;0.084;90;0.018;F1
;7;0;2.100;0;S1;0.143;33;0.117;34;0.122;36;0.073;47;0.022;40;0.127;48;0.142;44;0.186;39;0.048;38;0.150;90;0.107;32;0.107;34;0.066;35;0.100;46;0.081;41;0.029;31;0.071;42;0.063;43;0.150;45;0.078;37;0.062;40;0.084;90;0.018;F1
;8;0;2.100;0;S1;0.143;33;0.117;34;0.122;36;0.073;47;0.022;40;0.127;48;0.142;44;0.186;39;0.048;38;0.150;90;0.107;32;0.107;34;0.066;35;0.100;46;0.081;41;0.029;31;0.071;42;0.063;43;0.150;45;0.078;37;0.062;40;0.084;90;0.018;F1
;10;0;2.100;0;S1;0.143;33;0.117;34;0.122;36;0.073;47;0.022;40;0.127;48;0.142;44;0.186;39;0.048;38;0.150;90;0.107;32;0.107;34;0.066;35;0.100;46;0.081;41;0.029;31;0.071;42;0.063;43;0.150;45;0.078;37;0.062;40;0.084;90;0.018;F1
;23;0;2.100;0;S1;0.143;33;0.117;34;0.122;36;0.073;47;0.022;40;0.127;48;0.142;44;0.186;39;0.048;38;0.150;90;0.107;32;0.107;34;0.066;35;0.100;46;0.081;41;0.029;31;0.071;42;0.063;43;0.150;45;0.078;37;0.062;40;0.084;90;0.018;F1
;пони Д;0;1.600;0;S1;0.048;41;0.041;48;0.024;31;0.188;34;0.066;35;0.095;36;0.040;46;0.085;32;0.056;33;0.117;34;0.184;42;0.063;43;0.076;44;0.186;45;0.077;38;0.054;37;0.031;39;0.077;40;0.022;47;0.077;90;0.018;F1
;12;0;1.600;0;S1;0.048;41;0.041;48;0.024;31;0.188;34;0.066;35;0.095;36;0.040;46;0.085;32;0.056;33;0.117;34;0.184;42;0.063;43;0.076;44;0.186;45;0.077;38;0.054;37;0.031;39;0.077;40;0.022;47;0.077;90;0.018;F1
;13;0;1.600;0;S1;0.048;41;0.041;48;0.024;31;0.188;34;0.066;35;0.095;36;0.040;46;0.085;32;0.056;33;0.117;34;0.184;42;0.063;43;0.076;44;0.186;45;0.077;38;0.054;37;0.031;39;0.077;40;0.022;47;0.077;90;0.018;F1
;14;0;1.600;0;S1;0.048;41;0.041;48;0.024;31;0.188;34;0.066;35;0.095;36;0.040;46;0.085;32;0.056;33;0.117;34;0.184;42;0.063;43;0.076;44;0.186;45;0.077;38;0.054;37;0.031;39;0.077;40;0.022;47;0.077;90;0.018;F1
;15;0;1.600;0;S1;0.048;41;0.041;48;0.024;31;0.188;34;0.066;35;0.095;36;0.040;46;0.085;32;0.056;33;0.117;34;0.184;42;0.063;43;0.076;44;0.186;45;0.077;38;0.054;37;0.031;39;0.077;40;0.022;47;0.077;90;0.018;F1
;16;0;1.600;0;S1;0.048;41;0.041;48;0.024;31;0.188;34;0.066;35;0.095;36;0.040;46;0.085;32;0.056;33;0.117;34;0.184;42;0.063;43;0.076;44;0.186;45;0.077;38;0.054;37;0.031;39;0.077;40;0.022;47;0.077;90;0.018;F1
;17;0;1.600;0;S1;0.048;41;0.041;48;0.024;31;0.188;34;0.066;35;0.095;36;0.040;46;0.085;32;0.056;33;0.117;34;0.184;42;0.063;43;0.076;44;0.186;45;0.077;38;0.054;37;0.031;39;0.077;40;0.022;47;0.077;90;0.018;F1
;18;0;1.600;0;S1;0.048;41;0.041;48;0.024;31;0.188;34;0.066;35;0.095;36;0.040;46;0.085;32;0.056;33;0.117;34;0.184;42;0.063;43;0.076;44;0.186;45;0.077;38;0.054;37;0.031;39;0.077;40;0.022;47;0.077;90;0.018;F1
;кони С;0;1.200;0;S1;0.112;43;0.076;44;0.142;48;0.041;41;0.029;31;0.071;42;0.040;40;0.022;47;0.044;37;0.031;39;0.048;38;0.167;35;0.066;34;0.107;32;0.085;46;0.040;36;0.027;90;0.018;F1
;19;0;1.200;0;S1;0.112;43;0.076;44;0.142;48;0.041;41;0.029;31;0.071;42;0.040;40;0.022;47;0.044;37;0.031;39;0.048;38;0.167;35;0.066;34;0.107;32;0.085;46;0.040;36;0.027;90;0.018;F1
;20;0;1.200;0;S1;0.112;43;0.076;44;0.142;48;0.041;41;0.029;31;0.071;42;0.040;40;0.022;47;0.044;37;0.031;39;0.048;38;0.167;35;0.066;34;0.107;32;0.085;46;0.040;36;0.027;90;0.018;F1
;21;0;1.200;0;S1;0.112;43;0.076;44;0.142;48;0.041;41;0.029;31;0.071;42;0.040;40;0.022;47;0.044;37;0.031;39;0.048;38;0.167;35;0.066;34;0.107;32;0.085;46;0.040;36;0.027;90;0.018;F1
;22;0;1.200;0;S1;0.112;43;0.076;44;0.142;48;0.041;41;0.029;31;0.071;42;0.040;40;0.022;47;0.044;37;0.031;39;0.048;38;0.167;35;0.066;34;0.107;32;0.085;46;0.040;36;0.027;90;0.018;F1
;23;0;1.200;0;S1;0.112;43;0.076;44;0.142;48;0.041;41;0.029;31;0.071;42;0.040;40;0.022;47;0.044;37;0.031;39;0.048;38;0.167;35;0.066;34;0.107;32;0.085;46;0.040;36;0.027;90;0.018;F1
;24;0;1.200;0;S1;0.112;43;0.076;44;0.142;48;0.041;41;0.029;31;0.071;42;0.040;40;0.022;47;0.044;37;0.031;39;0.048;38;0.167;35;0.066;34;0.107;32;0.085;46;0.040;36;0.027;90;0.018;F1
;30;0;1.200;0;S1;0.112;43;0.076;44;0.142;48;0.041;41;0.029;31;0.071;42;0.040;40;0.022;47;0.044;37;0.031;39;0.048;38;0.167;35;0.066;34;0.107;32;0.085;46;0.040;36;0.027;90;0.018;F1
;31;0;1.200;0;S1;0.112;43;0.076;44;0.142;48;0.041;41;0.029;31;0.071;42;0.040;40;0.022;47;0.044;37;0.031;39;0.048;38;0.167;35;0.066;34;0.107;32;0.085;46;0.040;36;0.027;90;0.018;F1
;32;0;1.200;0;S1;0.112;43;0.076;44;0.142;48;0.041;41;0.029;31;0.071;42;0.040;40;0.022;47;0.044;37;0.031;39;0.048;38;0.167;35;0.066;34;0.107;32;0.085;46;0.040;36;0.027;90;0.018;F1
;33;0;1.200;0;S1;0.112;43;0.076;44;0.142;48;0.041;41;0.029;31;0.071;42;0.040;40;0.022;47;0.044;37;0.031;39;0.048;38;0.167;35;0.066;34;0.107;32;0.085;46;0.040;36;0.027;90;0.018;F1
;34;0;1.200;0;S1;0.112;43;0.076;44;0.142;48;0.041;41;0.029;31;0.071;42;0.040;40;0.022;47;0.044;37;0.031;39;0.048;38;0.167;35;0.066;34;0.107;32;0.085;46;0.040;36;0.027;90;0.018;F1
;35;0;1.200;0;S1;0.112;43;0.076;44;0.142;48;0.041;41;0.029;31;0.071;42;0.040;40;0.022;47;0.044;37;0.031;39;0.048;38;0.167;35;0.066;34;0.107;32;0.085;46;0.040;36;0.027;90;0.018;F1
;36;0;1.200;0;S1;0.112;43;0.076;44;0.142;48;0.041;41;0.029;31;0.071;42;0.040;40;0.022;47;0.044;37;0.031;39;0.048;38;0.167;35;0.066;34;0.107;32;0.085;46;0.040;36;0.027;90;0.018;F1
;пони С;0;1.000;0;S1;0.048;41;0.029;31;0.024;48;0.096;43;0.063;42;0.040;40;0.110;45;0.077;38;0.054;37;0.044;47;0.073;36;0.040;46;0.085;32;0.107;34;0.128;90;0.018;F1
;25;0;1.000;0;S1;0.048;41;0.029;31;0.024;48;0.096;43;0.063;42;0.040;40;0.110;45;0.077;38;0.054;37;0.044;47;0.073;36;0.040;46;0.085;32;0.107;34;0.128;90;0.018;F1
;26;0;1.000;0;S1;0.048;41;0.029;31;0.024;48;0.096;43;0.063;42;0.040;40;0.110;45;0.077;38;0.054;37;0.044;47;0.073;36;0.040;46;0.085;32;0.107;34;0.128;90;0.018;F1
;27;0;1.000;0;S1;0.048;41;0.029;31;0.024;48;0.096;43;0.063;42;0.040;40;0.110;45;0.077;38;0.054;37;0.044;47;0.073;36;0.040;46;0.085;32;0.107;34;0.128;90;0.018;F1
;28;0;1.000;0;S1;0.048;41;0.029;31;0.024;48;0.096;43;0.063;42;0.040;40;0.110;45;0.077;38;0.054;37;0.044;47;0.073;36;0.040;46;0.085;32;0.107;34;0.128;90;0.018;F1
;29;0;1.000;0;S1;0.048;41;0.029;31;0.024;48;0.096;43;0.063;42;0.040;40;0.110;45;0.077;38;0.054;37;0.044;47;0.073;36;0.040;46;0.085;32;0.107;34;0.128;90;0.018;F1
;30;0;1.000;0;S1;0.048;41;0.029;31;0.024;48;0.096;43;0.063;42;0.040;40;0.110;45;0.077;38;0.054;37;0.044;47;0.073;36;0.040;46;0.085;32;0.107;34;0.128;90;0.018;F1
;37;0;1.000;0;S1;0.048;41;0.029;31;0.024;48;0.096;43;0.063;42;0.040;40;0.110;45;0.077;38;0.054;37;0.044;47;0.073;36;0.040;46;0.085;32;0.107;34;0.128;90;0.018;F1
;новички М;0;0.800;0;S1;0.088;32;0.107;34;0.066;35;0.158;37;0.031;39;0.066;47;0.022;40;0.063;43;0.089;31;0.029;41;0.081;46;0.027;90;0.018;F1
;38;0;0.800;0;S1;0.088;32;0.107;34;0.066;35;0.158;37;0.031;39;0.066;47;0.022;40;0.063;43;0.089;31;0.029;41;0.081;46;0.027;90;0.018;F1
;39;0;0.800;0;S1;0.088;32;0.107;34;0.066;35;0.158;37;0.031;39;0.066;47;0.022;40;0.063;43;0.089;31;0.029;41;0.081;46;0.027;90;0.018;F1
;40;0;0.800;0;S1;0.088;32;0.107;34;0.066;35;0.158;37;0.031;39;0.066;47;0.022;40;0.063;43;0.089;31;0.029;41;0.081;46;0.027;90;0.018;F1
;41;0;0.800;0;S1;0.088;32;0.107;34;0.066;35;0.158;37;0.031;39;0.066;47;0.022;40;0.063;43;0.089;31;0.029;41;0.081;46;0.027;90;0.018;F1
;42;0;0.800;0;S1;0.088;32;0.107;34;0.066;35;0.158;37;0.031;39;0.066;47;0.022;40;0.063;43;0.089;31;0.029;41;0.081;46;0.027;90;0.018;F1
;43;0;0.800;0;S1;0.088;32;0.107;34;0.066;35;0.158;37;0.031;39;0.066;47;0.022;40;0.063;43;0.089;31;0.029;41;0.081;46;0.027;90;0.018;F1
;44;0;0.800;0;S1;0.088;32;0.107;34;0.066;35;0.158;37;0.031;39;0.066;47;0.022;40;0.063;43;0.089;31;0.029;41;0.081;46;0.027;90;0.018;F1
;45;0;0.800;0;S1;0.088;32;0.107;34;0.066;35;0.158;37;0.031;39;0.066;47;0.022;40;0.063;43;0.089;31;0.029;41;0.081;46;0.027;90;0.018;F1
;46;0;0.800;0;S1;0.088;32;0.107;34;0.066;35;0.158;37;0.031;39;0.066;47;0.022;40;0.063;43;0.089;31;0.029;41;0.081;46;0.027;90;0.018;F1
;47;0;0.800;0;S1;0.088;32;0.107;34;0.066;35;0.158;37;0.031;39;0.066;47;0.022;40;0.063;43;0.089;31;0.029;41;0.081;46;0.027;90;0.018;F1
;48;0;0.800;0;S1;0.088;32;0.107;34;0.066;35;0.158;37;0.031;39;0.066;47;0.022;40;0.063;43;0.089;31;0.029;41;0.081;46;0.027;90;0.018;F1
;54;0;0.800;0;S1;0.088;32;0.107;34;0.066;35;0.158;37;0.031;39;0.066;47;0.022;40;0.063;43;0.089;31;0.029;41;0.081;46;0.027;90;0.018;F1
;55;0;0.800;0;S1;0.088;32;0.107;34;0.066;35;0.158;37;0.031;39;0.066;47;0.022;40;0.063;43;0.089;31;0.029;41;0.081;46;0.027;90;0.018;F1
;56;0;0.800;0;S1;0.088;32;0.107;34;0.066;35;0.158;37;0.031;39;0.066;47;0.022;40;0.063;43;0.089;31;0.029;41;0.081;46;0.027;90;0.018;F1
;новички Д;0;0.600;0;S1;0.056;31;0.024;48;0.096;43;0.063;42;0.040;40;0.022;47;0.066;39;0.048;38;0.129;36;0.040;46;0.027;90;0.018;F1
;49;0;0.600;0;S1;0.056;31;0.024;48;0.096;43;0.063;42;0.040;40;0.022;47;0.066;39;0.048;38;0.129;36;0.040;46;0.027;90;0.018;F1
;50;0;0.600;0;S1;0.056;31;0.024;48;0.096;43;0.063;42;0.040;40;0.022;47;0.066;39;0.048;38;0.129;36;0.040;46;0.027;90;0.018;F1
;51;0;0.600;0;S1;0.056;31;0.024;48;0.096;43;0.063;42;0.040;40;0.022;47;0.066;39;0.048;38;0.129;36;0.040;46;0.027;90;0.018;F1
;52;0;0.600;0;S1;0.056;31;0.024;48;0.096;43;0.063;42;0.040;40;0.022;47;0.066;39;0.048;38;0.129;36;0.040;46;0.027;90;0.018;F1
;53;0;0.600;0;S1;0.056;31;0.024;48;0.096;43;0.063;42;0.040;40;0.022;47;0.066;39;0.048;38;0.129;36;0.040;46;0.027;90;0.018;F1
